c=
 -55  18  38  33   0 -63  54  58 -81   3 -59 -14 -10  48   0   0   0   0   0   0 

A=
  37  -3  81  65 -35  85 -79 -59 -12 -29  50  -1 -42  53   0   0   0   0   0   0 
 -64  26  80 -25  22  88 -10 -19  36  -8 -32 -26 -70  79   0   0   0   0   0   0 
 -97  62 -67  36  63  41  32  16  77 -17 -93 -26 -79  67   0   0   0   0   0   0 
 -31  90  10  29 -59  75  69  72  59 -62 -44 -63 -95 -38   0   0   0   0   0   0 
  64  82  91  71  88  54  97  95  95  83  71  63  82  51   1   0   0   0   0   0 
  35  19  74 -81   8  88  68  30  34  42   0 -70  41 -14   0   1   0   0   0   0 
  90 -65  79  59 -67  24  49  49  32  16  28 -53  39 -21   0   0   1   0   0   0 
   3  81  55 -54  73 -31 -31  71 -25  49  63  49 -42 -37   0   0   0   1   0   0 
  60  88 -89 -29 -90  99  35  26 -57 -58  53  33 -78  29   0   0   0   0   1   0 
 -46  11  28  46  32  39  82 -15  42  37  97 -53  48  22   0   0   0   0   0   1 

b=
  111   77   15   12 1088  275  260  225   23  371 

c=
  56  -4 -96 -29  62 -90  -9  24  90 -17 -31  86 -71 -83   0   0   0   0   0   0 

A=
 -44 -77  54  28   4  66 -66   9  41  77 -14 -83  49 -27   0   0   0   0   0   0 
  50  76   8  17 -82  92  64   4  61 -21  -9  95 -25  42   0   0   0   0   0   0 
  67 -73  17  41  13 -33 -61   1 -41  68  94 -57  20  67   0   0   0   0   0   0 
  79  -3 -40   7 -17 -26 -18 -30 -28  15 -56  85  90  62   0   0   0   0   0   0 
  74  88  51  90  52  93  97  59  85  56  66  79  57  94   1   0   0   0   0   0 
  10   8   8  91 -98 -93  83  95  40  67  97 -31  23  -5   0   1   0   0   0   0 
 -45  68  11 -79  75  86  46  42  54 -54 -30 -27  -9  70   0   0  -1   0   0   0 
  31 -11  76  76 -98  77  72 -34   5  66  56  -3  84 -55   0   0   0  -1   0   0 
 -16 -69  25 -71  65 -18  30  61  66  43 -44 -53   7  77   0   0   0   0  -1   0 
  16  18  26 -20 -71 -84 -19  78  97  88   9 -29  30 -50   0   0   0   0   0   1 

b=
   17  372  123  120 1042  296  207  341  102   90 

c=
 -34 -62 -29  72  88  84 -74 -10  96 -37  -3 -53  69 -13   0   0   0   0   0   0 

A=
  76 -65  93  62 -88 -26  51  27  -3  98  39  -1 -13  34   0   0   0   0   0   0 
 -37  99   3  94  24 -99  25  11  76  -7 -63  53 -82 -46   0   0   0   0   0   0 
  37  87 -71  90 -65  96 -82  60 -64  62 -18  30  61  71   0   0   0   0   0   0 
  10 -50  21 -15  61  -6  -5  25   6  60   5 -20 -51  68   0   0   0   0   0   0 
  16 -75 -50 -60  81  88  -9 -38  53  77 -82  84  73  92   1   0   0   0   0   0 
 -53  82 -25  26  15 -43  80 -56 -63  95 -43  43  49 -73   0   1   0   0   0   0 
  38  58 -27  80 -47 -21  40 -73  90 -81  70 -86  18  16   0   0   1   0   0   0 
  34  66  42  92  15  21  83  27  16  22  51  30  59  77   0   0   0   1   0   0 
 -83 -23 -27 -53 -36 -85 -16 -90 -36 -23 -35 -98 -73 -67   0   0   0   0  -1   0 
  56  20  79  56  79  38  74  39  54  39  85  28  21  55   0   0   0   0   0   1 

b=
 284  51 294 109 251  35  76  31   0  67

c=
 -41 -92 -98 -93 -96 -90 -14 -16 -79 -33 -59 -11 -26   0   0   0   0   0   0   0   0   0   0   0

A=
  45  72  67  58   5  99  18  23  16   9  77   4  95   9  -1   0   0   0   0   0   0   0   0   0 
  40   6  80   6  96  57  81  24  75   5   5  93  92  28   0  -1   0   0   0   0   0   0   0   0 
  56  78  74  15  36  86  17  75  21  89  74  48  51  90   0   0  -1   0   0   0   0   0   0   0 
   6  24  47  17  49  73  79   5  82  91  55  59  70  64   0   0   0  -1   0   0   0   0   0   0 
  59   0  96  51  28  81  58  95  31  31  60  83  83  11   0   0   0   0  -1   0   0   0   0   0 
  73  55  87  81  23  33   1 100  67  71  32  41  52   1   0   0   0   0   0  -1   0   0   0   0 
  19  35  69 100  83  69   3 100   1  84   0  98  10  15   0   0   0   0   0   0  -1   0   0   0 
  61  76  97  71  78  17  90  89  97  86  72  69  64  74   0   0   0   0   0   0   0  -1   0   0 
  53  55  71  39  55  59  45  31  87  13  35  83  51  49   0   0   0   0   0   0   0   0  -1   0 
  92  91  58  15  10  81   6  32  33  16  30   1  39  47   0   0   0   0   0   0   0   0   0  -1

b=
  596  687  809  720  766  716  685 1040  725  550

c=
  89  -5  85  20  28 -84  39 -70  39  76 -37  -2  20  65   0   0   0   0   0   0 

A=
  33  21  78 -39  -8  61 -31  43  64 -46 -83  79  15   9   0   0   0   0   0   0 
  73  81  66  82  26  19  83  15   3  55  66  67 -22 -96   0   0   0   0   0   0 
 -96 -67 -46  74 -62 -70  90  83  26 -46  33  10   6  92   0   0   0   0   0   0 
  58 -41 -33  22 -21 -63 -73  99 -20  58  92 -12  -4  65   0   0   0   0   0   0 
  81  85  60  54  80  83  85  94  52  95  74  50  89  71   1   0   0   0   0   0 
  57   2  14  90 -65 -19 -97   3  16 -44 -44  40  59  62   0  -1   0   0   0   0 
  97  90 -13  48  34  45  93 -76 -15 -80  86  92 -70   5   0   0  -1   0   0   0 
  -7 -32  32 -87  24 -62  89  89 -61  38  35 -64  -3  63   0   0   0  -1   0   0 
  35 -87 -26  55  27 -46  48  16  -7  31  58  18 -57  21   0   0   0   0   1   0 
  50  -8 -99   7 -89 -17  57  17   6  93  38  72  82  12   0   0   0   0   0   1 

b=
  196  518   27  127 1054   73  335   53   87  222

c=
  -1 -63 -49 -42  90 -75 -24  97   9  56  -9  98  -5 -66   0   0   0   0   0   0 

A=
 -87  59 -96  -2 -47  80 -44 -25  11  49  17 -76  89  89   0   0   0   0   0   0 
 -14 -70  -6 -77 -78  23 -44  74  28  42  89  23  23  68   0   0   0   0   0   0 
 -66 -56  40  33  63 -78 -82  66  26  68  32  93  29 -42   0   0   0   0   0   0 
 -16  16  17  44 -63  74  50  36  67  17 -97  41  12 -35   0   0   0   0   0   0 
  82  82  62  73  53  71  85  58  93  68  69  57  64  63   1   0   0   0   0   0 
  83 -13 -44  82  -5   3 -89  62  26  69 -60  -1 -77 -17   0   1   0   0   0   0 
 -59  93 -88  28   6 -82 -49  51  71  47  48  12 -40  54   0   0  -1   0   0   0 
   9 -38   2  65  37  16  71  39 -84  12  47  18 -39  29   0   0   0   1   0   0 
  -9  95  74 -10  52  38 -17 -71 -16  10  13  38  14 -49   0   0   0   0   1   0 
  89   1  65  23  -9 -61  44  91 -61  21  14 -96 -64  24   0   0   0   0   0  -1 

b=
  17  81 126 163 981  20  91 185 163  80

c=
 -91  80  18  59 -85  99 -89  63  15  36  19 -41 -66   4   0   0   0   0   0   0 

A=
  -6  25  66 -76  25  17  25  94 -66  99 -91  -4  -9  29   0   0   0   0   0   0 
 -63 -74  12 -73  67  -8  96  99  32  82 -68 -43  68  17   0   0   0   0   0   0 
  38  -9 -96  67 -39 -45  76  -9  81  91  49  -2  44 -98   0   0   0   0   0   0 
 -73  68  95  62  33 -75 -88  86 -98  46 -11 -32 -28  27   0   0   0   0   0   0 
 100  20  76 -89  82  74 -24  26  57  66  37 -51  13 -94  -1   0   0   0   0   0 
  20 -83  30 -40  66 -86 -24  74  30  82 -76  28  85  -9   0   1   0   0   0   0 
 -16 -71  33  34  37 -19  41 -23  53  56 -61  47  93  62   0   0  -1   0   0   0 
  24   1  61  35  27  38  84   8   5  91  34  45  17  68   0   0   0   1   0   0 
  91  34  66   6  71  53  74  73  46  85  61  47  65   9   0   0   0   0   1   0 
  17  75  69   0  42  25  13   0  98  87  31  52  61  44   0   0   0   0   0   1 

b=
 128 144 148  12 292  98 265  95  74  35

c=
  -31  -55  -99  -15  -25  -43  -52  -37  -41  -61  -40  -82   -2 -100    0    0    0    0   0    0    0    0    0    0 

A=
 38 85 51 65 61  8 62 47 72 82 67 93 11 63 -1  0  0  0  0  0  0  0  0  0 
 65 25 57 89  5 36 99 80 63 45 70 58 30 13  0 -1  0  0  0  0  0  0  0  0 
 72 26 85 18 11 24 21  8 11  3 11 85 62 40  0  0 -1  0  0  0  0  0  0  0 
 66 65 26 62 83  5 72 92 47 53  0 91 60 40  0  0  0 -1  0  0  0  0  0  0 
 42 31 77 96 70 93 79  3 13 20 41 66 88  4  0  0  0  0 -1  0  0  0  0  0 
 58 62 16 76 26 74  4 13 99 45 42 54 84  9  0  0  0  0  0 -1  0  0  0  0 
 48 69 49 31 15 71 27 73 92 10 62 45 49 24  0  0  0  0  0  0 -1  0  0  0 
 50 76 48 96  0 85 77 54 99 90 28 11 68 31  0  0  0  0  0  0  0 -1  0  0 
 10  3 86 69 89 39 76 99 14 23 33 92 68 55  0  0  0  0  0  0  0  0 -1  0 
 78 90 76 68 86 50 35 82 31  8 37 20 13  6  0  0  0  0  0  0  0  0  0 -1 

b=
 804 734 476 761 722 661 664 812 755 679  